function retrieve_gui_colors(app)

newcolors = [
      0.47 0.25 0.80
      0.25 0.80 0.54
      1.0000    0.3098    0.2941
      0.0745 0.6235 1.00
      1.00 0.54 0.00
      0.6510 0.6510 0.6510
      1.00 0.0745 0.6510
      0 0.2980 0.6000
      ];
  
  app.newcolors = newcolors;
end